0.2709398522419906
0.4572180966901596
0.5392714882097589
0.7309269675292571
0.8625530748373608
0.9561848720847524
1.015583639882506
0.9507276157576363
0.9253018843171201
0.8453710827475267
0.8340378252372238
0.8604415201616363
0.9617918990987957
0.998166974428082
1.08186453113619
1.038355547151621
0.3535934577842334
0.542769029340634
0.6211249662185294
0.8069421377275158
0.9341564139200167
1.024474062585969
1.093172611787402
1.047381281644915
1.033731046154905
0.9604618448061375
0.9480498305820521
0.9666273180526709
1.053025749042176
1.07078041115097
1.15496574522434
1.11504242397441
0.3907166019664734
0.611820537166892
0.7278641160227854
0.9140844043617675
1.036811862943624
1.123751296512207
1.189971373622339
1.144547866367474
1.131174587524294
1.059935153327543
1.048846836440569
1.068649642383177
1.155491416282372
1.175513827063812
1.261240042619448
1.225486209916574
0.4463936566593901
0.6625564562204405
0.7752530440433396
0.9872838274448134
1.138240331186892
1.249072127637723
1.334404752706134
1.29245195878319
1.279313936275165
1.210064101134974
1.200627713267746
1.222254949466123
1.310074973217737
1.313985088943683
1.378553211541431
1.319915155142425
0.5363431561052709
0.7474595720751175
0.8565287870321454
1.063793129564449
1.211015693212493
1.318976503894123
1.402177703317041
1.372484061072667
1.368936324122528
1.304432824623078
1.293298134468989
1.307418815903963
1.382203530834088
1.388189391036273
1.454414174473884
1.399300135947757
0.555777549509033
0.8072559880225141
0.9529528342047989
1.191371567577989
1.355868008469113
1.460624567438102
1.54151730478893
1.511453639774475
1.507945729009757
1.444861539515889
1.435228128269638
1.451235436412919
1.527912081674349
1.537130507076606
1.606562732452055
1.552180329774448
0.5522793083027406
0.8019406644569331
0.9464200899467987
1.182914519632671
1.355859772488223
1.485622258080135
1.58632278346581
1.571364786553659
1.577106159846327
1.518047841449671
1.506441130166198
1.514892012709115
1.578485306191723
1.570380617103831
1.617770835539978
1.54241041158684
0.5505218517914595
0.7992697472476626
0.9431367492961354
1.178663240760507
1.350842697845304
1.480000204770543
1.580227380391485
1.565280098505991
1.570999239872787
1.512214783022855
1.500740291816816
1.509286472624555
1.57281238467385
1.564932619357459
1.612382741187354
1.537502171896961
